0.9916,0.6694,0.0767,0.0766,0.0418,0.0192,0.0117,0.0093,0.0184,0.0205,0.0258,0.0223,0.0193
0.9209,0.6784,0.5437,0.3157,0.1282,0.0433,0.0213,0.0333,0.0457,0.0655,0.0656,0.0634,0.0000
0.9723,0.8941,0.6504,0.3427,0.1623,0.0688,0.0460,0.0433,0.0891,0.0869,0.0921,0.0000,0.0000
0.9677,0.8871,0.6797,0.4605,0.2309,0.0604,0.0579,0.1306,0.1292,0.1400,0.0000,0.0000,0.0000
0.9512,0.8294,0.6308,0.3487,0.0600,0.0438,0.1688,0.1644,0.1853,0.0000,0.0000,0.0000,0.0000
0.9166,0.8341,0.5359,0.1262,0.0862,0.2362,0.1859,0.2666,0.0000,0.0000,0.0000,0.0000,0.0000
0.8781,0.5663,0.2387,0.2129,0.3342,0.3072,0.3386,0.0000,0.0000,0.0000,0.0000,0.0000,0.0000
0.8300,0.5394,0.4538,0.4470,0.4206,0.4532,0.0000,0.0000,0.0000,0.0000,0.0000,0.0000,0.0000
0.8136,0.7296,0.6536,0.6295,0.6586,0.0000,0.0000,0.0000,0.0000,0.0000,0.0000,0.0000,0.0000
0.8945,0.8502,0.8396,0.8418,0.0000,0.0000,0.0000,0.0000,0.0000,0.0000,0.0000,0.0000,0.0000
0.9598,0.9568,0.9507,0.0000,0.0000,0.0000,0.0000,0.0000,0.0000,0.0000,0.0000,0.0000,0.0000
0.9700,0.9692,0.0000,0.0000,0.0000,0.0000,0.0000,0.0000,0.0000,0.0000,0.0000,0.0000,0.0000
0.9728,0.0000,0.0000,0.0000,0.0000,0.0000,0.0000,0.0000,0.0000,0.0000,0.0000,0.0000,0.0000