0.000000000000000000e+00,3.698263406753540039e+00,1.207600474357604980e+00,2.490663528442382812e+00,5.647235512733459473e-01
1.000000000000000021e-02,3.681844711303710938e+00,1.240086674690246582e+00,2.441757917404174805e+00,5.590745210647583008e-01
2.000000000000000042e-02,3.685020685195922852e+00,1.290991663932800293e+00,2.394029617309570312e+00,5.482772588729858398e-01
2.999999999999999889e-02,3.700883388519287109e+00,1.353618860244750977e+00,2.347263813018798828e+00,5.354967713356018066e-01
4.000000000000000083e-02,3.732563257217407227e+00,1.431170225143432617e+00,2.301393508911132812e+00,5.174278616905212402e-01
5.000000000000000278e-02,3.769357919692993164e+00,1.512983560562133789e+00,2.256374359130859375e+00,4.974358975887298584e-01
5.999999999999999778e-02,3.812005519866943359e+00,1.599833846092224121e+00,2.212171554565429688e+00,4.716145694255828857e-01
7.000000000000000666e-02,3.857141733169555664e+00,1.688372611999511719e+00,2.168769359588623047e+00,4.342948794364929199e-01
8.000000000000000167e-02,3.899153709411621094e+00,1.773006319999694824e+00,2.126147508621215820e+00,4.010016024112701416e-01
8.999999999999999667e-02,3.938712596893310547e+00,1.854419589042663574e+00,2.084293365478515625e+00,3.635016083717346191e-01
1.000000000000000056e-01,3.971343517303466797e+00,1.928141713142395020e+00,2.043201684951782227e+00,3.227163553237915039e-01
1.100000000000000006e-01,3.998324155807495117e+00,1.995461940765380859e+00,2.002862453460693359e+00,2.862980663776397705e-01
1.199999999999999956e-01,4.019777774810791016e+00,2.056518316268920898e+00,1.963259935379028320e+00,2.511017620563507080e-01
1.300000000000000044e-01,4.031878471374511719e+00,2.107487916946411133e+00,1.924390912055969238e+00,2.207732349634170532e-01
1.400000000000000133e-01,4.040221691131591797e+00,2.153961896896362305e+00,1.886259675025939941e+00,1.910456717014312744e-01
1.499999999999999944e-01,4.041980743408203125e+00,2.193113088607788086e+00,1.848867535591125488e+00,1.648838073015213013e-01
1.600000000000000033e-01,4.039933681488037109e+00,2.227725505828857422e+00,1.812208294868469238e+00,1.397435963153839111e-01
1.700000000000000122e-01,4.030634403228759766e+00,2.254350900650024414e+00,1.776283502578735352e+00,1.227564066648483276e-01
1.799999999999999933e-01,4.019417285919189453e+00,2.278327226638793945e+00,1.741090178489685059e+00,1.116185933351516724e-01
1.900000000000000022e-01,4.004684925079345703e+00,2.298056602478027344e+00,1.706628680229187012e+00,1.056490391492843628e-01
2.000000000000000111e-01,3.987155675888061523e+00,2.314256668090820312e+00,1.672898530960083008e+00,1.023036837577819824e-01
2.099999999999999922e-01,3.966369390487670898e+00,2.326464653015136719e+00,1.639904618263244629e+00,1.009415090084075928e-01
2.200000000000000011e-01,3.946038722991943359e+00,2.338394880294799805e+00,1.607643842697143555e+00,1.006009578704833984e-01
2.300000000000000100e-01,3.921874284744262695e+00,2.345758438110351562e+00,1.576115489006042480e+00,1.000600978732109070e-01
2.399999999999999911e-01,3.899075746536254883e+00,2.353746414184570312e+00,1.545329451560974121e+00,1.001402214169502258e-01
2.500000000000000000e-01,3.874209642410278320e+00,2.358930110931396484e+00,1.515279412269592285e+00,9.969951957464218140e-02
2.600000000000000089e-01,3.849211931228637695e+00,2.363246917724609375e+00,1.485964775085449219e+00,1.000600978732109070e-01
2.700000000000000178e-01,3.824041366577148438e+00,2.366657257080078125e+00,1.457384347915649414e+00,1.000000014901161194e-01
2.800000000000000266e-01,3.799997806549072266e+00,2.370460033416748047e+00,1.429537534713745117e+00,1.001402214169502258e-01
2.899999999999999800e-01,3.774158954620361328e+00,2.371717929840087891e+00,1.402441143989562988e+00,1.001201942563056946e-01
2.999999999999999889e-01,3.751102685928344727e+00,2.375007152557373047e+00,1.376095533370971680e+00,9.997996687889099121e-02
3.099999999999999978e-01,3.726938009262084961e+00,2.376431703567504883e+00,1.350506782531738281e+00,9.955929219722747803e-02
3.200000000000000067e-01,3.703479290008544922e+00,2.377797842025756836e+00,1.325681567192077637e+00,9.995993226766586304e-02
3.300000000000000155e-01,3.679776906967163086e+00,2.378145694732666016e+00,1.301631093025207520e+00,1.002403870224952698e-01
3.400000000000000244e-01,3.658303976058959961e+00,2.379944086074829102e+00,1.278359770774841309e+00,1.001201942563056946e-01
3.499999999999999778e-01,3.636775732040405273e+00,2.380894184112548828e+00,1.255881309509277344e+00,1.000000014901161194e-01
3.599999999999999867e-01,3.615727424621582031e+00,2.381531000137329102e+00,1.234196543693542480e+00,9.973958134651184082e-02
3.699999999999999956e-01,3.596588850021362305e+00,2.383277654647827148e+00,1.213311314582824707e+00,1.002403870224952698e-01
3.800000000000000044e-01,3.575203418731689453e+00,2.381968736648559570e+00,1.193234443664550781e+00,1.001802906394004822e-01
3.900000000000000133e-01,3.558707475662231445e+00,2.384726524353027344e+00,1.173980832099914551e+00,9.967948496341705322e-02
4.000000000000000222e-01,3.540591716766357422e+00,2.385038614273071289e+00,1.155552983283996582e+00,1.004206761717796326e-01
4.099999999999999756e-01,3.525219440460205078e+00,2.387243270874023438e+00,1.137976050376892090e+00,9.923878312110900879e-02
4.199999999999999845e-01,3.509216070175170898e+00,2.387948274612426758e+00,1.121267676353454590e+00,1.000200286507606506e-01
4.299999999999999933e-01,3.492373228073120117e+00,2.386930227279663086e+00,1.105442881584167480e+00,1.007612198591232300e-01
4.400000000000000022e-01,3.478912591934204102e+00,2.388394594192504883e+00,1.090517997741699219e+00,9.995993226766586304e-02
4.500000000000000111e-01,3.467161893844604492e+00,2.390650749206542969e+00,1.076511502265930176e+00,1.000200286507606506e-01
4.600000000000000200e-01,3.455248355865478516e+00,2.391810655593872070e+00,1.063437700271606445e+00,9.953926503658294678e-02
4.699999999999999734e-01,3.444392681121826172e+00,2.393069267272949219e+00,1.051323175430297852e+00,1.006610542535781860e-01
4.799999999999999822e-01,3.434535980224609375e+00,2.394333600997924805e+00,1.040202140808105469e+00,9.945913404226303101e-02
4.899999999999999911e-01,3.424350261688232422e+00,2.394256114959716797e+00,1.030094146728515625e+00,1.003605797886848450e-01
5.000000000000000000e-01,3.417499303817749023e+00,2.396470546722412109e+00,1.021028637886047363e+00,1.001201942563056946e-01
5.100000000000000089e-01,3.411662340164184570e+00,2.398629426956176758e+00,1.013033032417297363e+00,9.985977411270141602e-02
5.200000000000000178e-01,3.404139757156372070e+00,2.398048400878906250e+00,1.006091117858886719e+00,9.949919581413269043e-02
5.300000000000000266e-01,3.401446104049682617e+00,2.401241779327392578e+00,1.000204205513000488e+00,1.003605797886848450e-01
5.400000000000000355e-01,3.397601127624511719e+00,2.402239799499511719e+00,9.953613877296447754e-01,9.975961595773696899e-02
5.500000000000000444e-01,3.394305229187011719e+00,2.402773857116699219e+00,9.915313124656677246e-01,1.008413434028625488e-01
5.600000000000000533e-01,3.394775390625000000e+00,2.406056880950927734e+00,9.887186884880065918e-01,9.945913404226303101e-02
5.699999999999999512e-01,3.393169403076171875e+00,2.406254291534423828e+00,9.869152903556823730e-01,1.004807725548744202e-01
5.799999999999999600e-01,3.394986391067504883e+00,2.408891439437866211e+00,9.860951900482177734e-01,9.915865212678909302e-02
5.899999999999999689e-01,3.396937608718872070e+00,2.410677433013916016e+00,9.862600564956665039e-01,1.003405451774597168e-01
5.999999999999999778e-01,3.398700952529907227e+00,2.411290645599365234e+00,9.874105453491210938e-01,1.000801250338554382e-01
6.099999999999999867e-01,3.403424739837646484e+00,2.413891077041625977e+00,9.895340204238891602e-01,9.997996687889099121e-02
6.199999999999999956e-01,3.407977819442749023e+00,2.415351152420043945e+00,9.926267862319946289e-01,9.993990510702133179e-02
6.300000000000000044e-01,3.413233041763305664e+00,2.416540622711181641e+00,9.966923594474792480e-01,1.002003178000450134e-01
6.400000000000000133e-01,3.422178506851196289e+00,2.420463085174560547e+00,1.001715540885925293e+00,9.963942319154739380e-02
6.500000000000000222e-01,3.428079366683959961e+00,2.420382738113403320e+00,1.007696390151977539e+00,1.005809307098388672e-01
6.600000000000000311e-01,3.439873456954956055e+00,2.425239562988281250e+00,1.014634251594543457e+00,9.949919581413269043e-02
6.700000000000000400e-01,3.447369813919067383e+00,2.424849748611450195e+00,1.022520065307617188e+00,9.973958134651184082e-02
6.800000000000000488e-01,3.456650733947753906e+00,2.425329208374023438e+00,1.031320929527282715e+00,1.002203524112701416e-01
6.899999999999999467e-01,3.469929933547973633e+00,2.428915739059448242e+00,1.041014671325683594e+00,1.000200286507606506e-01
6.999999999999999556e-01,3.482328176498413086e+00,2.430752277374267578e+00,1.051576256752014160e+00,1.000600978732109070e-01
7.099999999999999645e-01,3.495628595352172852e+00,2.432640552520751953e+00,1.062988162040710449e+00,1.010016053915023804e-01
7.199999999999999734e-01,3.510106563568115234e+00,2.434866189956665039e+00,1.075240254402160645e+00,9.957932680845260620e-02
7.299999999999999822e-01,3.526520490646362305e+00,2.438212156295776367e+00,1.088308334350585938e+00,9.945913404226303101e-02
7.399999999999999911e-01,3.540654420852661133e+00,2.438482999801635742e+00,1.102171778678894043e+00,1.016626581549644470e-01
7.500000000000000000e-01,3.559651613235473633e+00,2.442833185195922852e+00,1.116818428039550781e+00,9.819711744785308838e-02
7.600000000000000089e-01,3.574242830276489258e+00,2.442014455795288086e+00,1.132228493690490723e+00,1.002003178000450134e-01
7.700000000000000178e-01,3.594647169113159180e+00,2.446262836456298828e+00,1.148384094238281250e+00,9.967948496341705322e-02
7.800000000000000266e-01,3.614486217498779297e+00,2.449203491210937500e+00,1.165283322334289551e+00,9.963942319154739380e-02
7.900000000000000355e-01,3.633768081665039062e+00,2.450849533081054688e+00,1.182918548583984375e+00,1.002604141831398010e-01
8.000000000000000444e-01,3.652453899383544922e+00,2.451178073883056641e+00,1.201275944709777832e+00,9.961938858032226562e-02
8.100000000000000533e-01,3.673729896545410156e+00,2.453375339508056641e+00,1.220354080200195312e+00,1.006009578704833984e-01
8.199999999999999512e-01,3.697580099105834961e+00,2.457437753677368164e+00,1.240142464637756348e+00,9.945913404226303101e-02
8.299999999999999600e-01,3.717502355575561523e+00,2.456877946853637695e+00,1.260624170303344727e+00,9.983974695205688477e-02
8.399999999999999689e-01,3.738308191299438477e+00,2.456506729125976562e+00,1.281801342964172363e+00,1.003004834055900574e-01
8.499999999999999778e-01,3.759671211242675781e+00,2.455998420715332031e+00,1.303672552108764648e+00,1.002203524112701416e-01
8.599999999999999867e-01,3.779746055603027344e+00,2.453516960144042969e+00,1.326229095458984375e+00,1.001201942563056946e-01
8.699999999999999956e-01,3.798466205596923828e+00,2.448998689651489258e+00,1.349467635154724121e+00,1.004206761717796326e-01
8.800000000000000044e-01,3.813791513442993164e+00,2.440397739410400391e+00,1.373393416404724121e+00,9.961938858032226562e-02
8.900000000000000133e-01,3.827252626419067383e+00,2.429245471954345703e+00,1.398007154464721680e+00,9.965945780277252197e-02
9.000000000000000222e-01,3.840746402740478516e+00,2.417440652847290039e+00,1.423305749893188477e+00,1.005408689379692078e-01
9.100000000000000311e-01,3.843929052352905273e+00,2.394640684127807617e+00,1.449288249015808105e+00,1.008213162422180176e-01
9.200000000000000400e-01,3.846828937530517578e+00,2.370880842208862305e+00,1.475948095321655273e+00,1.009214743971824646e-01
9.300000000000000488e-01,3.848850727081298828e+00,2.345561265945434570e+00,1.503289937973022461e+00,1.015825346112251282e-01
9.399999999999999467e-01,3.838347911834716797e+00,2.307031631469726562e+00,1.531316399574279785e+00,1.043870225548744202e-01
9.499999999999999556e-01,3.828304767608642578e+00,2.268265008926391602e+00,1.560039758682250977e+00,1.076322123408317566e-01
9.599999999999999645e-01,3.808373689651489258e+00,2.218902826309204102e+00,1.589470982551574707e+00,1.231971159577369690e-01
9.699999999999999734e-01,3.788838148117065430e+00,2.169220924377441406e+00,1.619617342948913574e+00,1.424679458141326904e-01
9.799999999999999822e-01,3.766336679458618164e+00,2.115823507308959961e+00,1.650513291358947754e+00,1.581730842590332031e-01
9.899999999999999911e-01,3.744017601013183594e+00,2.061808586120605469e+00,1.682209014892578125e+00,1.759014427661895752e-01
1.000000000000000000e+00,3.727376699447631836e+00,2.012441158294677734e+00,1.714935421943664551e+00,1.828124970197677612e-01
